0.000000	0.273665	0.322967	0.311239	0.309944	0.307489	0.322041	0.241324	0.316629	0.245407	0.254821	0.313716	0.304656	0.314671	0.310067	0.322287	0.245096	0.318469	0.248587	0.312299	0.254611	0.317090	0.317759	0.321306	0.238481	0.253658	0.316779	0.311503	0.320343	0.319525	0.318798	0.312961	0.307870	0.312408	0.316867	0.321446	0.274641	0.250508	0.248394	0.272558	0.319934	0.259855	0.308491	0.249042	0.318935	0.311846	0.243180	0.256264	0.256238	0.248230	0.254801	0.253711	0.307209	0.158715	0.253137	0.318696	0.247639	0.318739	0.317499	0.312141	0.325988	
0.273665	0.000000	0.287339	0.288769	0.294128	0.283100	0.293454	0.276840	0.295639	0.261865	0.281433	0.285253	0.294536	0.289716	0.297542	0.297890	0.256211	0.286700	0.269343	0.293669	0.262011	0.298118	0.294008	0.293519	0.275461	0.273316	0.287230	0.294737	0.287086	0.292886	0.290241	0.285811	0.294430	0.298356	0.299808	0.294767	0.254836	0.270244	0.267010	0.249014	0.303561	0.285139	0.283455	0.267715	0.297073	0.289375	0.270920	0.265773	0.268258	0.271282	0.271975	0.269162	0.291329	0.275419	0.271311	0.295435	0.280029	0.291603	0.295035	0.291454	0.293649	
0.322967	0.287339	0.000000	0.258548	0.248187	0.246440	0.259290	0.313800	0.261294	0.310896	0.322990	0.248019	0.255471	0.248002	0.258143	0.251970	0.315450	0.248805	0.311763	0.252774	0.308810	0.257230	0.248121	0.253221	0.311856	0.309598	0.257627	0.258812	0.253946	0.265044	0.250838	0.246809	0.260138	0.254060	0.259357	0.249160	0.290691	0.314829	0.316861	0.297876	0.258407	0.318574	0.252406	0.314012	0.259046	0.258368	0.323481	0.314070	0.317042	0.309350	0.312151	0.322128	0.252144	0.322839	0.315868	0.260641	0.329088	0.260700	0.257032	0.251719	0.258082	
0.311239	0.288769	0.258548	0.000000	0.253234	0.252843	0.261587	0.312010	0.259997	0.309546	0.321204	0.260617	0.252015	0.258425	0.245468	0.248003	0.315726	0.254049	0.310583	0.247289	0.308504	0.254153	0.255837	0.252027	0.309552	0.318957	0.264056	0.256248	0.258969	0.257161	0.264326	0.261822	0.262136	0.257034	0.258650	0.258123	0.301186	0.307736	0.321385	0.291990	0.260110	0.327818	0.254476	0.319440	0.254527	0.263018	0.315914	0.317782	0.314301	0.312542	0.309351	0.313160	0.249581	0.326675	0.327575	0.152256	0.329816	0.258689	0.259528	0.256150	0.263602	
0.309944	0.294128	0.248187	0.253234	0.000000	0.250364	0.264822	0.314728	0.250456	0.312387	0.317322	0.250230	0.245607	0.255280	0.250593	0.247243	0.307713	0.249600	0.303567	0.250073	0.304371	0.250925	0.242967	0.249902	0.304377	0.313490	0.255755	0.251827	0.251821	0.266936	0.256739	0.240651	0.252349	0.252619	0.255117	0.253375	0.294215	0.301660	0.309556	0.280564	0.241847	0.317312	0.253383	0.307692	0.254653	0.252328	0.313152	0.310374	0.308584	0.304733	0.302717	0.312984	0.246851	0.314925	0.310418	0.252890	0.324258	0.247417	0.246411	0.248029	0.262263	
0.307489	0.283100	0.246440	0.252843	0.250364	0.000000	0.254079	0.310406	0.252969	0.310419	0.318891	0.251954	0.247324	0.248265	0.256164	0.249535	0.308383	0.252527	0.306598	0.252950	0.301821	0.250971	0.250562	0.244380	0.303354	0.305915	0.249298	0.256059	0.256059	0.264183	0.249372	0.244003	0.254606	0.254300	0.254555	0.247347	0.290036	0.308200	0.309929	0.288284	0.248022	0.314309	0.251957	0.303088	0.251317	0.251657	0.319189	0.306033	0.309291	0.303755	0.309849	0.314950	0.238894	0.310433	0.306227	0.253486	0.323590	0.253044	0.256014	0.249435	0.262566	
0.322041	0.293454	0.259290	0.261587	0.264822	0.254079	0.000000	0.314361	0.262761	0.304703	0.316948	0.261638	0.256325	0.252948	0.254518	0.260591	0.313756	0.256707	0.309552	0.260044	0.311174	0.268852	0.257730	0.258351	0.314429	0.321862	0.259943	0.265689	0.255466	0.259992	0.261893	0.252639	0.263745	0.268502	0.263355	0.258251	0.308801	0.316380	0.318425	0.301040	0.255814	0.324808	0.253127	0.321760	0.268576	0.266920	0.322396	0.320784	0.322339	0.322780	0.319929	0.314970	0.252297	0.316764	0.320771	0.257275	0.325058	0.259680	0.262508	0.257701	0.158743	
0.241324	0.276840	0.313800	0.312010	0.314728	0.310406	0.314361	0.000000	0.314525	0.231032	0.250618	0.320771	0.305674	0.312098	0.311332	0.315515	0.251205	0.318343	0.235468	0.311961	0.256546	0.320286	0.321418	0.317165	0.231199	0.151263	0.312134	0.313410	0.312462	0.316115	0.317983	0.318102	0.323000	0.324615	0.318236	0.317350	0.274218	0.244156	0.237883	0.266013	0.313163	0.257375	0.311358	0.237037	0.326579	0.328384	0.256090	0.252811	0.249007	0.234129	0.229903	0.247019	0.310577	0.244952	0.248023	0.316249	0.252359	0.314427	0.310775	0.312573	0.323718	
0.316629	0.295639	0.261294	0.259997	0.250456	0.252969	0.262761	0.314525	0.000000	0.309209	0.319569	0.255355	0.255041	0.253686	0.255383	0.250153	0.310908	0.253223	0.305144	0.253488	0.302123	0.257946	0.249152	0.258414	0.304537	0.306155	0.257022	0.266847	0.250445	0.264154	0.256460	0.250425	0.252238	0.249348	0.257637	0.250261	0.288865	0.304534	0.312671	0.284418	0.253863	0.315241	0.260236	0.307018	0.253031	0.253398	0.312558	0.301278	0.307883	0.305727	0.310898	0.307501	0.249901	0.316574	0.310235	0.252908	0.324098	0.249804	0.141213	0.251310	0.256193	
0.245407	0.261865	0.310896	0.309546	0.312387	0.310419	0.304703	0.231032	0.309209	0.000000	0.257210	0.300817	0.306948	0.309945	0.312196	0.316146	0.243799	0.317223	0.240227	0.311697	0.239774	0.315399	0.311094	0.313595	0.241437	0.242507	0.312901	0.309241	0.306608	0.317040	0.314273	0.301664	0.311440	0.316823	0.315312	0.313191	0.273116	0.242048	0.239175	0.265532	0.312190	0.255156	0.307813	0.239452	0.310857	0.312604	0.241978	0.244015	0.247621	0.248783	0.246968	0.250797	0.302789	0.244475	0.243284	0.317321	0.247796	0.306914	0.313019	0.312016	0.317530	
0.254821	0.281433	0.322990	0.321204	0.317322	0.318891	0.316948	0.250618	0.319569	0.257210	0.000000	0.317663	0.315907	0.316132	0.320030	0.321341	0.250743	0.319113	0.252633	0.317336	0.253370	0.316791	0.317644	0.320673	0.252307	0.251508	0.319010	0.319507	0.318146	0.335828	0.325026	0.315235	0.326199	0.320571	0.318563	0.325669	0.277000	0.258662	0.250701	0.267931	0.321519	0.155590	0.327892	0.255267	0.333077	0.319994	0.257803	0.245985	0.249763	0.252380	0.257964	0.250554	0.320225	0.258182	0.260407	0.320102	0.155594	0.322387	0.323688	0.317051	0.320834	
0.313716	0.285253	0.248019	0.260617	0.250230	0.251954	0.261638	0.320771	0.255355	0.300817	0.317663	0.000000	0.254363	0.249901	0.253099	0.245859	0.309713	0.243928	0.311720	0.249452	0.308742	0.251388	0.250786	0.250491	0.303616	0.306249	0.253247	0.254545	0.249141	0.266879	0.252258	0.245471	0.244909	0.250590	0.248880	0.245043	0.296271	0.314438	0.313117	0.291033	0.248558	0.314724	0.252489	0.311499	0.252978	0.256790	0.311572	0.302358	0.311870	0.307143	0.307936	0.310517	0.239777	0.314380	0.316587	0.250756	0.318557	0.248395	0.255202	0.251776	0.258905	
0.304656	0.294536	0.255471	0.252015	0.245607	0.247324	0.256325	0.305674	0.255041	0.306948	0.315907	0.254363	0.000000	0.245777	0.248457	0.244626	0.304291	0.256039	0.311642	0.238742	0.300226	0.250941	0.250174	0.245609	0.297953	0.312175	0.255745	0.248121	0.255916	0.265479	0.249756	0.244792	0.252678	0.258520	0.254367	0.247447	0.292012	0.303472	0.303242	0.281539	0.238628	0.311288	0.262273	0.311559	0.254457	0.259301	0.306718	0.309975	0.311601	0.309796	0.309385	0.308123	0.240908	0.310126	0.312376	0.243667	0.322779	0.249756	0.254178	0.247795	0.255159	
0.314671	0.289716	0.248002	0.258425	0.255280	0.248265	0.252948	0.312098	0.253686	0.309945	0.316132	0.249901	0.245777	0.000000	0.245784	0.249113	0.313482	0.253158	0.303784	0.246662	0.300040	0.248530	0.249109	0.248450	0.302242	0.306576	0.256096	0.243989	0.253766	0.268227	0.252572	0.241179	0.252166	0.258771	0.253523	0.241612	0.291211	0.308452	0.319105	0.289888	0.255240	0.316639	0.248391	0.307475	0.252832	0.249472	0.308645	0.305411	0.310796	0.307918	0.309420	0.316311	0.244349	0.314518	0.311069	0.257975	0.323057	0.248647	0.253659	0.247979	0.255302	
0.310067	0.297542	0.258143	0.245468	0.250593	0.256164	0.254518	0.311332	0.255383	0.312196	0.320030	0.253099	0.248457	0.245784	0.000000	0.246919	0.310922	0.246208	0.306623	0.241672	0.305674	0.245958	0.254605	0.251579	0.295119	0.309429	0.259313	0.245293	0.248584	0.264731	0.253326	0.245811	0.250632	0.251548	0.260306	0.252407	0.294686	0.298403	0.306092	0.284887	0.248330	0.313541	0.256736	0.304587	0.253398	0.247428	0.308250	0.302456	0.315373	0.301608	0.308581	0.308442	0.244694	0.311993	0.313293	0.247031	0.316480	0.254244	0.253747	0.147120	0.257534	
0.322287	0.297890	0.251970	0.248003	0.247243	0.249535	0.260591	0.315515	0.250153	0.316146	0.321341	0.245859	0.244626	0.249113	0.246919	0.000000	0.314546	0.254213	0.312490	0.239113	0.312752	0.240783	0.249732	0.255554	0.314130	0.314246	0.253178	0.260083	0.252171	0.261438	0.255254	0.242438	0.253782	0.260469	0.267090	0.255603	0.300768	0.312652	0.316923	0.281228	0.247870	0.320484	0.258130	0.314117	0.253402	0.255450	0.319236	0.317528	0.314905	0.315724	0.318473	0.308004	0.244071	0.318506	0.310731	0.251265	0.323901	0.255130	0.249885	0.254920	0.262473	
0.245096	0.256211	0.315450	0.315726	0.307713	0.308383	0.313756	0.251205	0.310908	0.243799	0.250743	0.309713	0.304291	0.313482	0.310922	0.314546	0.000000	0.307414	0.245956	0.305927	0.237125	0.305898	0.298499	0.307703	0.237663	0.241464	0.307501	0.304637	0.305906	0.314650	0.309686	0.296636	0.304695	0.310717	0.312977	0.312919	0.266342	0.248733	0.249715	0.262900	0.311796	0.251873	0.314281	0.240777	0.313495	0.307040	0.240689	0.244100	0.243840	0.237971	0.243243	0.236974	0.309375	0.240866	0.247753	0.313742	0.258918	0.315739	0.310932	0.302835	0.310947	
0.318469	0.286700	0.248805	0.254049	0.249600	0.252527	0.256707	0.318343	0.253223	0.317223	0.319113	0.243928	0.256039	0.253158	0.246208	0.254213	0.307414	0.000000	0.306968	0.250112	0.299488	0.252213	0.245838	0.255333	0.300580	0.313256	0.259329	0.254651	0.252343	0.257133	0.249700	0.241283	0.255213	0.246769	0.251380	0.247931	0.287775	0.306437	0.312945	0.289075	0.253650	0.312638	0.251107	0.309375	0.256840	0.246164	0.314091	0.301477	0.308925	0.309453	0.313470	0.308915	0.248211	0.315037	0.310666	0.256860	0.321234	0.252563	0.247071	0.250402	0.254562	
0.248587	0.269343	0.311763	0.310583	0.303567	0.306598	0.309552	0.235468	0.305144	0.240227	0.252633	0.311720	0.311642	0.303784	0.306623	0.312490	0.245956	0.306968	0.000000	0.307060	0.248139	0.310496	0.300857	0.315113	0.237144	0.240469	0.313025	0.303908	0.298214	0.310256	0.304045	0.302550	0.303071	0.306497	0.305802	0.311720	0.270187	0.248903	0.250105	0.266128	0.308623	0.244904	0.312540	0.241586	0.308040	0.308332	0.249079	0.241080	0.251549	0.246494	0.245396	0.241384	0.305499	0.247431	0.245431	0.316575	0.256134	0.314282	0.308865	0.305436	0.305920	
0.312299	0.293669	0.252774	0.247289	0.250073	0.252950	0.260044	0.311961	0.253488	0.311697	0.317336	0.249452	0.238742	0.246662	0.241672	0.239113	0.305927	0.250112	0.307060	0.000000	0.309678	0.245136	0.249236	0.247705	0.304566	0.305817	0.259412	0.255062	0.247095	0.271183	0.256956	0.248941	0.255113	0.256560	0.263214	0.254307	0.292237	0.304830	0.305941	0.284653	0.244970	0.316682	0.263831	0.304309	0.256078	0.248686	0.313542	0.311038	0.312682	0.311755	0.314833	0.311042	0.241212	0.314239	0.310105	0.246419	0.325060	0.259551	0.251019	0.255624	0.259761	
0.254611	0.262011	0.308810	0.308504	0.304371	0.301821	0.311174	0.256546	0.302123	0.239774	0.253370	0.308742	0.300226	0.300040	0.305674	0.312752	0.237125	0.299488	0.248139	0.309678	0.000000	0.307537	0.296546	0.305136	0.235443	0.241742	0.305232	0.303591	0.305313	0.310005	0.307977	0.295747	0.300548	0.306776	0.301206	0.306683	0.262450	0.238721	0.248928	0.262634	0.303153	0.246643	0.312214	0.233464	0.306881	0.303247	0.232398	0.246731	0.244713	0.243867	0.246161	0.241582	0.299369	0.251102	0.246518	0.308080	0.250732	0.298942	0.304796	0.301210	0.303612	
0.317090	0.298118	0.257230	0.254153	0.250925	0.250971	0.268852	0.320286	0.257946	0.315399	0.316791	0.251388	0.250941	0.248530	0.245958	0.240783	0.305898	0.252213	0.310496	0.245136	0.307537	0.000000	0.250462	0.250533	0.304085	0.312805	0.254538	0.251547	0.249963	0.271843	0.250676	0.245404	0.258120	0.248684	0.251916	0.249216	0.289894	0.304931	0.309813	0.284645	0.242367	0.320537	0.264340	0.312835	0.253198	0.246794	0.320052	0.304592	0.311534	0.308400	0.313725	0.307993	0.239954	0.314092	0.315122	0.251070	0.325596	0.249361	0.256538	0.252143	0.259548	
0.317759	0.294008	0.248121	0.255837	0.242967	0.250562	0.257730	0.321418	0.249152	0.311094	0.317644	0.250786	0.250174	0.249109	0.254605	0.249732	0.298499	0.245838	0.300857	0.249236	0.296546	0.250462	0.000000	0.252974	0.299591	0.310777	0.248216	0.253754	0.243966	0.255123	0.249902	0.243912	0.249736	0.251112	0.247966	0.257113	0.290912	0.300978	0.316459	0.291484	0.257741	0.311551	0.251752	0.305611	0.255012	0.253176	0.307128	0.305323	0.309888	0.301638	0.302426	0.304288	0.247117	0.312740	0.307733	0.249869	0.323495	0.243233	0.251110	0.251312	0.258161	
0.321306	0.293519	0.253221	0.252027	0.249902	0.244380	0.258351	0.317165	0.258414	0.313595	0.320673	0.250491	0.245609	0.248450	0.251579	0.255554	0.307703	0.255333	0.315113	0.247705	0.305136	0.250533	0.252974	0.000000	0.303371	0.307358	0.245971	0.245937	0.251785	0.262380	0.256407	0.242698	0.250661	0.249608	0.248036	0.248459	0.295402	0.305321	0.313989	0.287489	0.260478	0.317245	0.257152	0.313508	0.252975	0.247151	0.316647	0.301742	0.314743	0.300845	0.302068	0.311904	0.251591	0.317238	0.313172	0.251444	0.328896	0.247483	0.253593	0.252462	0.258355	
0.238481	0.275461	0.311856	0.309552	0.304377	0.303354	0.314429	0.231199	0.304537	0.241437	0.252307	0.303616	0.297953	0.302242	0.295119	0.314130	0.237663	0.300580	0.237144	0.304566	0.235443	0.304085	0.299591	0.303371	0.000000	0.240383	0.298997	0.299398	0.306859	0.310304	0.305060	0.293526	0.300761	0.304221	0.298120	0.305033	0.267506	0.239302	0.242613	0.264440	0.306980	0.249966	0.310632	0.240683	0.305270	0.306122	0.243673	0.242343	0.242875	0.243402	0.237909	0.231670	0.300777	0.240951	0.238178	0.308866	0.247368	0.305251	0.302682	0.296921	0.304997	
0.253658	0.273316	0.309598	0.318957	0.313490	0.305915	0.321862	0.151263	0.306155	0.242507	0.251508	0.306249	0.312175	0.306576	0.309429	0.314246	0.241464	0.313256	0.240469	0.305817	0.241742	0.312805	0.310777	0.307358	0.240383	0.000000	0.308461	0.309573	0.314076	0.316672	0.309163	0.302418	0.316491	0.313011	0.316790	0.313697	0.274900	0.240137	0.250447	0.269841	0.318709	0.248601	0.319242	0.238920	0.319255	0.315184	0.241805	0.251262	0.243723	0.236154	0.243582	0.251494	0.305860	0.245203	0.244999	0.316750	0.261319	0.314124	0.310499	0.309486	0.315970	
0.316779	0.287230	0.257627	0.264056	0.255755	0.249298	0.259943	0.312134	0.257022	0.312901	0.319010	0.253247	0.255745	0.256096	0.259313	0.253178	0.307501	0.259329	0.313025	0.259412	0.305232	0.254538	0.248216	0.245971	0.298997	0.308461	0.000000	0.248050	0.250485	0.262881	0.254002	0.246555	0.249900	0.256916	0.253253	0.253907	0.294477	0.301859	0.309791	0.291475	0.258266	0.315948	0.268596	0.311354	0.253784	0.256692	0.304899	0.306999	0.311201	0.303929	0.307849	0.312876	0.253419	0.311640	0.315535	0.253781	0.319912	0.258359	0.253763	0.256938	0.258158	
0.311503	0.294737	0.258812	0.256248	0.251827	0.256059	0.265689	0.313410	0.266847	0.309241	0.319507	0.254545	0.248121	0.243989	0.245293	0.260083	0.304637	0.254651	0.303908	0.255062	0.303591	0.251547	0.253754	0.245937	0.299398	0.309573	0.248050	0.000000	0.255503	0.255975	0.253721	0.242774	0.247471	0.257851	0.259961	0.251019	0.291963	0.303716	0.308118	0.290292	0.246297	0.311367	0.255631	0.306621	0.250104	0.258611	0.310583	0.300332	0.310734	0.307713	0.307807	0.301117	0.242995	0.309357	0.311788	0.247351	0.314684	0.253012	0.261316	0.248298	0.250575	
0.320343	0.287086	0.253946	0.258969	0.251821	0.256059	0.255466	0.312462	0.250445	0.306608	0.318146	0.249141	0.255916	0.253766	0.248584	0.252171	0.305906	0.252343	0.298214	0.247095	0.305313	0.249963	0.243966	0.251785	0.306859	0.314076	0.250485	0.255503	0.000000	0.267980	0.254323	0.247488	0.250346	0.253602	0.255503	0.252236	0.288201	0.306687	0.313867	0.294024	0.248103	0.315474	0.250326	0.305127	0.253397	0.251306	0.308285	0.304787	0.312464	0.306595	0.305279	0.308139	0.246692	0.313456	0.309620	0.258305	0.322742	0.250617	0.256382	0.244800	0.248698	
0.319525	0.292886	0.265044	0.257161	0.266936	0.264183	0.259992	0.316115	0.264154	0.317040	0.335828	0.266879	0.265479	0.268227	0.264731	0.261438	0.314650	0.257133	0.310256	0.271183	0.310005	0.271843	0.255123	0.262380	0.310304	0.316672	0.262881	0.255975	0.267980	0.000000	0.265638	0.256268	0.263149	0.259253	0.263057	0.257066	0.294972	0.317193	0.322365	0.299372	0.257328	0.327778	0.256678	0.317607	0.271888	0.258476	0.319925	0.317398	0.320924	0.319499	0.312739	0.323681	0.262809	0.320340	0.317531	0.260256	0.333949	0.257832	0.261993	0.267026	0.268199	
0.318798	0.290241	0.250838	0.264326	0.256739	0.249372	0.261893	0.317983	0.256460	0.314273	0.325026	0.252258	0.249756	0.252572	0.253326	0.255254	0.309686	0.249700	0.304045	0.256956	0.307977	0.250676	0.249902	0.256407	0.305060	0.309163	0.254002	0.253721	0.254323	0.265638	0.000000	0.251506	0.247291	0.258309	0.252577	0.248361	0.298874	0.310416	0.311841	0.293090	0.261146	0.317633	0.254274	0.314381	0.244017	0.255110	0.314679	0.301826	0.313025	0.312591	0.307151	0.312958	0.245591	0.313518	0.312500	0.262302	0.328555	0.250785	0.254541	0.254240	0.261341	
0.312961	0.285811	0.246809	0.261822	0.240651	0.244003	0.252639	0.318102	0.250425	0.301664	0.315235	0.245471	0.244792	0.241179	0.245811	0.242438	0.296636	0.241283	0.302550	0.248941	0.295747	0.245404	0.243912	0.242698	0.293526	0.302418	0.246555	0.242774	0.247488	0.256268	0.251506	0.000000	0.244544	0.245609	0.253362	0.243960	0.285164	0.300965	0.302141	0.280432	0.240645	0.310087	0.250662	0.303233	0.247824	0.245964	0.301579	0.301621	0.306512	0.305239	0.295464	0.297398	0.249768	0.311232	0.300904	0.246615	0.316684	0.251834	0.249509	0.241575	0.247613	
0.307870	0.294430	0.260138	0.262136	0.252349	0.254606	0.263745	0.323000	0.252238	0.311440	0.326199	0.244909	0.252678	0.252166	0.250632	0.253782	0.304695	0.255213	0.303071	0.255113	0.300548	0.258120	0.249736	0.250661	0.300761	0.316491	0.249900	0.247471	0.250346	0.263149	0.247291	0.244544	0.000000	0.247523	0.263929	0.249801	0.290881	0.301796	0.313148	0.294488	0.246457	0.312543	0.253923	0.306210	0.152891	0.248677	0.311867	0.303124	0.310254	0.305804	0.303522	0.299205	0.247959	0.314481	0.312609	0.251555	0.328456	0.259308	0.255403	0.253549	0.254783	
0.312408	0.298356	0.254060	0.257034	0.252619	0.254300	0.268502	0.324615	0.249348	0.316823	0.320571	0.250590	0.258520	0.258771	0.251548	0.260469	0.310717	0.246769	0.306497	0.256560	0.306776	0.248684	0.251112	0.249608	0.304221	0.313011	0.256916	0.257851	0.253602	0.259253	0.258309	0.245609	0.247523	0.000000	0.257185	0.247574	0.298118	0.299941	0.314587	0.288622	0.255793	0.317417	0.260227	0.310625	0.248830	0.147937	0.310722	0.298160	0.308988	0.309948	0.313990	0.316401	0.252916	0.310400	0.311314	0.251870	0.325470	0.254415	0.249053	0.253286	0.263337	
0.316867	0.299808	0.259357	0.258650	0.255117	0.254555	0.263355	0.318236	0.257637	0.315312	0.318563	0.248880	0.254367	0.253523	0.260306	0.267090	0.312977	0.251380	0.305802	0.263214	0.301206	0.251916	0.247966	0.248036	0.298120	0.316790	0.253253	0.259961	0.255503	0.263057	0.252577	0.253362	0.263929	0.257185	0.000000	0.250204	0.300853	0.304863	0.313742	0.293618	0.261774	0.321810	0.260296	0.310712	0.259485	0.253290	0.315309	0.307326	0.315113	0.312894	0.305816	0.314961	0.254468	0.319934	0.312311	0.252859	0.324401	0.152864	0.254299	0.261918	0.262980	
0.321446	0.294767	0.249160	0.258123	0.253375	0.247347	0.258251	0.317350	0.250261	0.313191	0.325669	0.245043	0.247447	0.241612	0.252407	0.255603	0.312919	0.247931	0.311720	0.254307	0.306683	0.249216	0.257113	0.248459	0.305033	0.313697	0.253907	0.251019	0.252236	0.257066	0.248361	0.243960	0.249801	0.247574	0.250204	0.000000	0.288348	0.308824	0.313443	0.289738	0.247189	0.318386	0.252845	0.308719	0.248157	0.248096	0.306065	0.303444	0.310702	0.312550	0.315494	0.310560	0.238772	0.321982	0.317378	0.251645	0.324677	0.252851	0.252813	0.247633	0.257270	
0.274641	0.254836	0.290691	0.301186	0.294215	0.290036	0.308801	0.274218	0.288865	0.273116	0.277000	0.296271	0.292012	0.291211	0.294686	0.300768	0.266342	0.287775	0.270187	0.292237	0.262450	0.289894	0.290912	0.295402	0.267506	0.274900	0.294477	0.291963	0.288201	0.294972	0.298874	0.285164	0.290881	0.298118	0.300853	0.288348	0.000000	0.263052	0.269137	0.242644	0.289091	0.278393	0.299935	0.260469	0.295486	0.291764	0.268112	0.262482	0.271532	0.272501	0.267559	0.269253	0.287324	0.275021	0.266482	0.300964	0.286105	0.302456	0.298587	0.296684	0.306520	
0.250508	0.270244	0.314829	0.307736	0.301660	0.308200	0.316380	0.244156	0.304534	0.242048	0.258662	0.314438	0.303472	0.308452	0.298403	0.312652	0.248733	0.306437	0.248903	0.304830	0.238721	0.304931	0.300978	0.305321	0.239302	0.240137	0.301859	0.303716	0.306687	0.317193	0.310416	0.300965	0.301796	0.299941	0.304863	0.308824	0.263052	0.000000	0.244211	0.274872	0.303772	0.250077	0.307450	0.242963	0.313257	0.304632	0.237815	0.257071	0.249533	0.247350	0.244276	0.232348	0.305126	0.247233	0.250561	0.311246	0.259016	0.305308	0.308205	0.302409	0.314760	
0.248394	0.267010	0.316861	0.321385	0.309556	0.309929	0.318425	0.237883	0.312671	0.239175	0.250701	0.313117	0.303242	0.319105	0.306092	0.316923	0.249715	0.312945	0.250105	0.305941	0.248928	0.309813	0.316459	0.313989	0.242613	0.250447	0.309791	0.308118	0.313867	0.322365	0.311841	0.302141	0.313148	0.314587	0.313742	0.313443	0.269137	0.244211	0.000000	0.266109	0.309337	0.251770	0.321010	0.235155	0.316667	0.310770	0.247315	0.247307	0.251007	0.247480	0.247344	0.245444	0.309013	0.245515	0.257376	0.316470	0.255674	0.314853	0.315962	0.311795	0.314802	
0.272558	0.249014	0.297876	0.291990	0.280564	0.288284	0.301040	0.266013	0.284418	0.265532	0.267931	0.291033	0.281539	0.289888	0.284887	0.281228	0.262900	0.289075	0.266128	0.284653	0.262634	0.284645	0.291484	0.287489	0.264440	0.269841	0.291475	0.290292	0.294024	0.299372	0.293090	0.280432	0.294488	0.288622	0.293618	0.289738	0.242644	0.274872	0.266109	0.000000	0.286047	0.275542	0.298576	0.261816	0.294218	0.284780	0.268659	0.269050	0.271914	0.272908	0.268162	0.273730	0.277027	0.270080	0.260709	0.286605	0.277159	0.289877	0.287856	0.293455	0.292431	
0.319934	0.303561	0.258407	0.260110	0.241847	0.248022	0.255814	0.313163	0.253863	0.312190	0.321519	0.248558	0.238628	0.255240	0.248330	0.247870	0.311796	0.253650	0.308623	0.244970	0.303153	0.242367	0.257741	0.260478	0.306980	0.318709	0.258266	0.246297	0.248103	0.257328	0.261146	0.240645	0.246457	0.255793	0.261774	0.247189	0.289091	0.303772	0.309337	0.286047	0.000000	0.315111	0.256360	0.310205	0.249962	0.249668	0.315147	0.309074	0.317715	0.309857	0.316493	0.303566	0.244262	0.318698	0.312266	0.253032	0.320091	0.253245	0.258659	0.252075	0.255714	
0.259855	0.285139	0.318574	0.327818	0.317312	0.314309	0.324808	0.257375	0.315241	0.255156	0.155590	0.314724	0.311288	0.316639	0.313541	0.320484	0.251873	0.312638	0.244904	0.316682	0.246643	0.320537	0.311551	0.317245	0.249966	0.248601	0.315948	0.311367	0.315474	0.327778	0.317633	0.310087	0.312543	0.317417	0.321810	0.318386	0.278393	0.250077	0.251770	0.275542	0.315111	0.000000	0.327700	0.245345	0.318642	0.317626	0.253112	0.251118	0.249893	0.253146	0.255797	0.255611	0.318201	0.257914	0.254458	0.317532	0.158836	0.319734	0.317880	0.311989	0.318003	
0.308491	0.283455	0.252406	0.254476	0.253383	0.251957	0.253127	0.311358	0.260236	0.307813	0.327892	0.252489	0.262273	0.248391	0.256736	0.258130	0.314281	0.251107	0.312540	0.263831	0.312214	0.264340	0.251752	0.257152	0.310632	0.319242	0.268596	0.255631	0.250326	0.256678	0.254274	0.250662	0.253923	0.260227	0.260296	0.252845	0.299935	0.307450	0.321010	0.298576	0.256360	0.327700	0.000000	0.312510	0.259066	0.255727	0.315112	0.308565	0.314918	0.310350	0.308238	0.318914	0.251973	0.318747	0.318375	0.251482	0.333050	0.256921	0.260532	0.251054	0.259668	
0.249042	0.267715	0.314012	0.319440	0.307692	0.303088	0.321760	0.237037	0.307018	0.239452	0.255267	0.311499	0.311559	0.307475	0.304587	0.314117	0.240777	0.309375	0.241586	0.304309	0.233464	0.312835	0.305611	0.313508	0.240683	0.238920	0.311354	0.306621	0.305127	0.317607	0.314381	0.303233	0.306210	0.310625	0.310712	0.308719	0.260469	0.242963	0.235155	0.261816	0.310205	0.245345	0.312510	0.000000	0.309498	0.304714	0.243614	0.239507	0.244569	0.240489	0.233143	0.235699	0.307703	0.247980	0.237485	0.318796	0.254197	0.316056	0.307774	0.308825	0.312842	
0.318935	0.297073	0.259046	0.254527	0.254653	0.251317	0.268576	0.326579	0.253031	0.310857	0.333077	0.252978	0.254457	0.252832	0.253398	0.253402	0.313495	0.256840	0.308040	0.256078	0.306881	0.253198	0.255012	0.252975	0.305270	0.319255	0.253784	0.250104	0.253397	0.271888	0.244017	0.247824	0.152891	0.248830	0.259485	0.248157	0.295486	0.313257	0.316667	0.294218	0.249962	0.318642	0.259066	0.309498	0.000000	0.251539	0.316494	0.311184	0.314008	0.308232	0.313371	0.307160	0.249864	0.323498	0.314441	0.254119	0.337926	0.255680	0.259872	0.248691	0.254711	
0.311846	0.289375	0.258368	0.263018	0.252328	0.251657	0.266920	0.328384	0.253398	0.312604	0.319994	0.256790	0.259301	0.249472	0.247428	0.255450	0.307040	0.246164	0.308332	0.248686	0.303247	0.246794	0.253176	0.247151	0.306122	0.315184	0.256692	0.258611	0.251306	0.258476	0.255110	0.245964	0.248677	0.147937	0.253290	0.248096	0.291764	0.304632	0.310770	0.284780	0.249668	0.317626	0.255727	0.304714	0.251539	0.000000	0.313938	0.302709	0.309511	0.312293	0.311412	0.317993	0.255573	0.314702	0.314559	0.258705	0.328068	0.254026	0.253239	0.251480	0.260995	
0.243180	0.270920	0.323481	0.315914	0.313152	0.319189	0.322396	0.256090	0.312558	0.241978	0.257803	0.311572	0.306718	0.308645	0.308250	0.319236	0.240689	0.314091	0.249079	0.313542	0.232398	0.320052	0.307128	0.316647	0.243673	0.241805	0.304899	0.310583	0.308285	0.319925	0.314679	0.301579	0.311867	0.310722	0.315309	0.306065	0.268112	0.237815	0.247315	0.268659	0.315147	0.253112	0.315112	0.243614	0.316494	0.313938	0.000000	0.246311	0.246874	0.242094	0.248208	0.243666	0.306764	0.242588	0.248176	0.320466	0.264106	0.314061	0.312925	0.308043	0.312734	
0.256264	0.265773	0.314070	0.317782	0.310374	0.306033	0.320784	0.252811	0.301278	0.244015	0.245985	0.302358	0.309975	0.305411	0.302456	0.317528	0.244100	0.301477	0.241080	0.311038	0.246731	0.304592	0.305323	0.301742	0.242343	0.251262	0.306999	0.300332	0.304787	0.317398	0.301826	0.301621	0.303124	0.298160	0.307326	0.303444	0.262482	0.257071	0.247307	0.269050	0.309074	0.251118	0.308565	0.239507	0.311184	0.302709	0.246311	0.000000	0.242526	0.238636	0.243607	0.241263	0.306290	0.251935	0.252008	0.316128	0.256840	0.305583	0.306654	0.299832	0.310018	
0.256238	0.268258	0.317042	0.314301	0.308584	0.309291	0.322339	0.249007	0.307883	0.247621	0.249763	0.311870	0.311601	0.310796	0.315373	0.314905	0.243840	0.308925	0.251549	0.312682	0.244713	0.311534	0.309888	0.314743	0.242875	0.243723	0.311201	0.310734	0.312464	0.320924	0.313025	0.306512	0.310254	0.308988	0.315113	0.310702	0.271532	0.249533	0.251007	0.271914	0.317715	0.249893	0.314918	0.244569	0.314008	0.309511	0.246874	0.242526	0.000000	0.239595	0.255326	0.242517	0.309747	0.243906	0.254256	0.318433	0.252779	0.317329	0.304480	0.307937	0.319216	
0.248230	0.271282	0.309350	0.312542	0.304733	0.303755	0.322780	0.234129	0.305727	0.248783	0.252380	0.307143	0.309796	0.307918	0.301608	0.315724	0.237971	0.309453	0.246494	0.311755	0.243867	0.308400	0.301638	0.300845	0.243402	0.236154	0.303929	0.307713	0.306595	0.319499	0.312591	0.305239	0.305804	0.309948	0.312894	0.312550	0.272501	0.247350	0.247480	0.272908	0.309857	0.253146	0.310350	0.240489	0.308232	0.312293	0.242094	0.238636	0.239595	0.000000	0.245975	0.237293	0.301366	0.243333	0.246193	0.312127	0.257039	0.311123	0.307530	0.300968	0.315116	
0.254801	0.271975	0.312151	0.309351	0.302717	0.309849	0.319929	0.229903	0.310898	0.246968	0.257964	0.307936	0.309385	0.309420	0.308581	0.318473	0.243243	0.313470	0.245396	0.314833	0.246161	0.313725	0.302426	0.302068	0.237909	0.243582	0.307849	0.307807	0.305279	0.312739	0.307151	0.295464	0.303522	0.313990	0.305816	0.315494	0.267559	0.244276	0.247344	0.268162	0.316493	0.255797	0.308238	0.233143	0.313371	0.311412	0.248208	0.243607	0.255326	0.245975	0.000000	0.244824	0.312682	0.248949	0.247677	0.315896	0.257967	0.313559	0.310142	0.303922	0.309438	
0.253711	0.269162	0.322128	0.313160	0.312984	0.314950	0.314970	0.247019	0.307501	0.250797	0.250554	0.310517	0.308123	0.316311	0.308442	0.308004	0.236974	0.308915	0.241384	0.311042	0.241582	0.307993	0.304288	0.311904	0.231670	0.251494	0.312876	0.301117	0.308139	0.323681	0.312958	0.297398	0.299205	0.316401	0.314961	0.310560	0.269253	0.232348	0.245444	0.273730	0.303566	0.255611	0.318914	0.235699	0.307160	0.317993	0.243666	0.241263	0.242517	0.237293	0.244824	0.000000	0.310069	0.247973	0.242767	0.315146	0.259032	0.316160	0.311050	0.307276	0.310574	
0.307209	0.291329	0.252144	0.249581	0.246851	0.238894	0.252297	0.310577	0.249901	0.302789	0.320225	0.239777	0.240908	0.244349	0.244694	0.244071	0.309375	0.248211	0.305499	0.241212	0.299369	0.239954	0.247117	0.251591	0.300777	0.305860	0.253419	0.242995	0.246692	0.262809	0.245591	0.249768	0.247959	0.252916	0.254468	0.238772	0.287324	0.305126	0.309013	0.277027	0.244262	0.318201	0.251973	0.307703	0.249864	0.255573	0.306764	0.306290	0.309747	0.301366	0.312682	0.310069	0.000000	0.310562	0.309835	0.243448	0.316777	0.251358	0.248344	0.249933	0.248808	
0.158715	0.275419	0.322839	0.326675	0.314925	0.310433	0.316764	0.244952	0.316574	0.244475	0.258182	0.314380	0.310126	0.314518	0.311993	0.318506	0.240866	0.315037	0.247431	0.314239	0.251102	0.314092	0.312740	0.317238	0.240951	0.245203	0.311640	0.309357	0.313456	0.320340	0.313518	0.311232	0.314481	0.310400	0.319934	0.321982	0.275021	0.247233	0.245515	0.270080	0.318698	0.257914	0.318747	0.247980	0.323498	0.314702	0.242588	0.251935	0.243906	0.243333	0.248949	0.247973	0.310562	0.000000	0.250301	0.321467	0.258366	0.317370	0.319450	0.312525	0.319186	
0.253137	0.271311	0.315868	0.327575	0.310418	0.306227	0.320771	0.248023	0.310235	0.243284	0.260407	0.316587	0.312376	0.311069	0.313293	0.310731	0.247753	0.310666	0.245431	0.310105	0.246518	0.315122	0.307733	0.313172	0.238178	0.244999	0.315535	0.311788	0.309620	0.317531	0.312500	0.300904	0.312609	0.311314	0.312311	0.317378	0.266482	0.250561	0.257376	0.260709	0.312266	0.254458	0.318375	0.237485	0.314441	0.314559	0.248176	0.252008	0.254256	0.246193	0.247677	0.242767	0.309835	0.250301	0.000000	0.318775	0.261595	0.316090	0.313154	0.310717	0.319406	
0.318696	0.295435	0.260641	0.152256	0.252890	0.253486	0.257275	0.316249	0.252908	0.317321	0.320102	0.250756	0.243667	0.257975	0.247031	0.251265	0.313742	0.256860	0.316575	0.246419	0.308080	0.251070	0.249869	0.251444	0.308866	0.316750	0.253781	0.247351	0.258305	0.260256	0.262302	0.246615	0.251555	0.251870	0.252859	0.251645	0.300964	0.311246	0.316470	0.286605	0.253032	0.317532	0.251482	0.318796	0.254119	0.258705	0.320466	0.316128	0.318433	0.312127	0.315896	0.315146	0.243448	0.321467	0.318775	0.000000	0.325686	0.251543	0.253567	0.247102	0.254948	
0.247639	0.280029	0.329088	0.329816	0.324258	0.323590	0.325058	0.252359	0.324098	0.247796	0.155594	0.318557	0.322779	0.323057	0.316480	0.323901	0.258918	0.321234	0.256134	0.325060	0.250732	0.325596	0.323495	0.328896	0.247368	0.261319	0.319912	0.314684	0.322742	0.333949	0.328555	0.316684	0.328456	0.325470	0.324401	0.324677	0.286105	0.259016	0.255674	0.277159	0.320091	0.158836	0.333050	0.254197	0.337926	0.328068	0.264106	0.256840	0.252779	0.257039	0.257967	0.259032	0.316777	0.258366	0.261595	0.325686	0.000000	0.317433	0.323262	0.319087	0.328605	
0.318739	0.291603	0.260700	0.258689	0.247417	0.253044	0.259680	0.314427	0.249804	0.306914	0.322387	0.248395	0.249756	0.248647	0.254244	0.255130	0.315739	0.252563	0.314282	0.259551	0.298942	0.249361	0.243233	0.247483	0.305251	0.314124	0.258359	0.253012	0.250617	0.257832	0.250785	0.251834	0.259308	0.254415	0.152864	0.252851	0.302456	0.305308	0.314853	0.289877	0.253245	0.319734	0.256921	0.316056	0.255680	0.254026	0.314061	0.305583	0.317329	0.311123	0.313559	0.316160	0.251358	0.317370	0.316090	0.251543	0.317433	0.000000	0.244581	0.254400	0.259414	
0.317499	0.295035	0.257032	0.259528	0.246411	0.256014	0.262508	0.310775	0.141213	0.313019	0.323688	0.255202	0.254178	0.253659	0.253747	0.249885	0.310932	0.247071	0.308865	0.251019	0.304796	0.256538	0.251110	0.253593	0.302682	0.310499	0.253763	0.261316	0.256382	0.261993	0.254541	0.249509	0.255403	0.249053	0.254299	0.252813	0.298587	0.308205	0.315962	0.287856	0.258659	0.317880	0.260532	0.307774	0.259872	0.253239	0.312925	0.306654	0.304480	0.307530	0.310142	0.311050	0.248344	0.319450	0.313154	0.253567	0.323262	0.244581	0.000000	0.256592	0.256039	
0.312141	0.291454	0.251719	0.256150	0.248029	0.249435	0.257701	0.312573	0.251310	0.312016	0.317051	0.251776	0.247795	0.247979	0.147120	0.254920	0.302835	0.250402	0.305436	0.255624	0.301210	0.252143	0.251312	0.252462	0.296921	0.309486	0.256938	0.248298	0.244800	0.267026	0.254240	0.241575	0.253549	0.253286	0.261918	0.247633	0.296684	0.302409	0.311795	0.293455	0.252075	0.311989	0.251054	0.308825	0.248691	0.251480	0.308043	0.299832	0.307937	0.300968	0.303922	0.307276	0.249933	0.312525	0.310717	0.247102	0.319087	0.254400	0.256592	0.000000	0.256959	
0.325988	0.293649	0.258082	0.263602	0.262263	0.262566	0.158743	0.323718	0.256193	0.317530	0.320834	0.258905	0.255159	0.255302	0.257534	0.262473	0.310947	0.254562	0.305920	0.259761	0.303612	0.259548	0.258161	0.258355	0.304997	0.315970	0.258158	0.250575	0.248698	0.268199	0.261341	0.247613	0.254783	0.263337	0.262980	0.257270	0.306520	0.314760	0.314802	0.292431	0.255714	0.318003	0.259668	0.312842	0.254711	0.260995	0.312734	0.310018	0.319216	0.315116	0.309438	0.310574	0.248808	0.319186	0.319406	0.254948	0.328605	0.259414	0.256039	0.256959	0.000000	
