0.000000	0.286396	0.279185	0.290581	0.288559	0.286359	0.264782	0.298625	0.292924	0.286650	0.304883	0.267764	0.287928	0.270477	0.292742	0.268256	0.291606	0.291896	0.298962	0.275265	0.263034	0.289256	0.291616	0.294610	0.289979	0.284304	0.290117	0.286076	0.284925	0.294915	0.255579	0.271396	0.269264	0.249855	0.296668	0.280559	0.278161	0.271770	0.273175	0.269183	0.268510	0.269289	0.270694	0.271609	0.294338	0.264527	0.278303	0.288610	0.290323	0.300284	
0.286396	0.000000	0.246587	0.251270	0.251252	0.256223	0.297534	0.252416	0.250731	0.243502	0.251372	0.314541	0.250564	0.304645	0.254023	0.307408	0.250106	0.249935	0.250065	0.309624	0.307814	0.256718	0.253502	0.257458	0.261751	0.247423	0.250653	0.250329	0.255567	0.252317	0.297681	0.307613	0.307703	0.298807	0.247389	0.311959	0.251206	0.310775	0.313603	0.303500	0.309948	0.314991	0.308645	0.313425	0.250794	0.309731	0.305596	0.253069	0.244756	0.255677	
0.279185	0.246587	0.000000	0.251794	0.238636	0.240560	0.298768	0.245706	0.248664	0.259436	0.242323	0.307993	0.248339	0.303738	0.238323	0.301022	0.247992	0.249019	0.250694	0.301203	0.312810	0.250289	0.251938	0.253540	0.255358	0.252776	0.247954	0.246578	0.250654	0.252330	0.293254	0.294399	0.299643	0.281459	0.239487	0.311523	0.249571	0.305892	0.301761	0.307374	0.309618	0.303566	0.303171	0.311498	0.239954	0.304485	0.312138	0.244528	0.245125	0.261920	
0.290581	0.251270	0.251794	0.000000	0.251404	0.251638	0.309214	0.258468	0.255654	0.251618	0.256765	0.310173	0.253467	0.306933	0.251993	0.307839	0.246148	0.248801	0.255902	0.302757	0.308202	0.247961	0.251204	0.245024	0.265557	0.254195	0.251392	0.251051	0.250855	0.254447	0.295652	0.301608	0.309182	0.290819	0.252841	0.307401	0.256179	0.311410	0.311513	0.298020	0.306238	0.309184	0.307002	0.319290	0.246069	0.303827	0.306699	0.251230	0.248701	0.263503	
0.288559	0.251252	0.238636	0.251404	0.000000	0.248305	0.308313	0.250096	0.255076	0.250482	0.256785	0.312242	0.246000	0.305132	0.256454	0.314463	0.246579	0.256115	0.252400	0.306236	0.304056	0.252098	0.256800	0.252970	0.262806	0.242002	0.245003	0.243805	0.247402	0.246575	0.295154	0.300159	0.306161	0.290227	0.248738	0.311697	0.249116	0.305451	0.314412	0.298115	0.311394	0.308985	0.311914	0.313860	0.246982	0.309354	0.305250	0.251857	0.247270	0.254704	
0.286359	0.256223	0.240560	0.251638	0.248305	0.000000	0.300518	0.249873	0.252226	0.253401	0.250074	0.303388	0.244213	0.295463	0.250035	0.300383	0.250615	0.246489	0.246776	0.295211	0.291438	0.243330	0.255347	0.247195	0.257286	0.249526	0.243479	0.240694	0.251046	0.252529	0.287147	0.293229	0.296805	0.278045	0.245549	0.302594	0.253403	0.303867	0.306674	0.294339	0.299616	0.299604	0.301398	0.301234	0.246057	0.300307	0.299693	0.244470	0.240452	0.257396	
0.264782	0.297534	0.298768	0.309214	0.308313	0.300518	0.000000	0.307533	0.313806	0.315248	0.311672	0.259657	0.312189	0.241680	0.308465	0.243687	0.302011	0.309619	0.307704	0.246871	0.248023	0.308993	0.306213	0.309167	0.310525	0.308763	0.304954	0.302885	0.303359	0.307704	0.271534	0.247267	0.245609	0.274268	0.309663	0.256964	0.301278	0.247556	0.247409	0.256778	0.252284	0.248245	0.246479	0.247479	0.301909	0.244660	0.244760	0.305732	0.306948	0.321688	
0.298625	0.252416	0.245706	0.258468	0.250096	0.249873	0.307533	0.000000	0.258130	0.253021	0.252430	0.316115	0.253411	0.312321	0.251893	0.316805	0.247096	0.257725	0.251234	0.309457	0.315615	0.255945	0.256236	0.253205	0.267811	0.251644	0.250792	0.245661	0.256983	0.254049	0.299101	0.318772	0.316806	0.293543	0.249430	0.318653	0.251568	0.318123	0.314455	0.305142	0.319973	0.317182	0.312075	0.322709	0.246665	0.315170	0.316998	0.249652	0.255814	0.257562	
0.292924	0.250731	0.248664	0.255654	0.255076	0.252226	0.313806	0.258130	0.000000	0.251762	0.253424	0.306702	0.260201	0.315731	0.244970	0.304336	0.248628	0.255029	0.257316	0.298804	0.306581	0.255684	0.252854	0.255202	0.275221	0.250910	0.249020	0.246154	0.261918	0.251619	0.291077	0.300488	0.297430	0.283433	0.240048	0.301845	0.259393	0.308566	0.311883	0.306213	0.313083	0.310966	0.320421	0.314762	0.238692	0.299672	0.307713	0.262796	0.243906	0.257390	
0.286650	0.243502	0.259436	0.251618	0.250482	0.253401	0.315248	0.253021	0.251762	0.000000	0.251296	0.308454	0.254038	0.304655	0.245920	0.301027	0.243384	0.248982	0.248029	0.303112	0.305196	0.254396	0.246980	0.246456	0.261004	0.252192	0.250414	0.245961	0.253216	0.250191	0.289069	0.298392	0.306282	0.288265	0.248283	0.310032	0.258536	0.298579	0.310327	0.302630	0.309025	0.306704	0.303494	0.309333	0.248068	0.303030	0.304740	0.256296	0.247353	0.256156	
0.304883	0.251372	0.242323	0.256765	0.256785	0.250074	0.311672	0.252430	0.253424	0.251296	0.000000	0.310761	0.254456	0.317815	0.235855	0.314362	0.245210	0.251659	0.262739	0.311283	0.316830	0.252456	0.256812	0.251463	0.265637	0.249116	0.255937	0.253300	0.250037	0.262042	0.301881	0.311948	0.309484	0.281111	0.242230	0.314246	0.253345	0.307658	0.323375	0.312862	0.316017	0.321258	0.313067	0.319103	0.247777	0.310088	0.310819	0.265369	0.247377	0.257908	
0.267764	0.314541	0.307993	0.310173	0.312242	0.303388	0.259657	0.316115	0.306702	0.308454	0.310761	0.000000	0.310630	0.253570	0.308162	0.241530	0.300511	0.309299	0.316971	0.248846	0.246928	0.310710	0.310060	0.310402	0.310645	0.316439	0.305972	0.308242	0.304674	0.318247	0.275664	0.251881	0.250274	0.266968	0.308307	0.258696	0.310569	0.246203	0.244501	0.243052	0.249897	0.249305	0.247315	0.244545	0.314480	0.251655	0.250066	0.312073	0.307996	0.308096	
0.287928	0.250564	0.248339	0.253467	0.246000	0.244213	0.312189	0.253411	0.260201	0.254038	0.254456	0.310630	0.000000	0.310409	0.256637	0.305393	0.247671	0.250418	0.249646	0.305199	0.311380	0.256620	0.250829	0.252586	0.257863	0.251061	0.251933	0.246984	0.249065	0.248521	0.296774	0.302683	0.300471	0.281120	0.246774	0.314373	0.253220	0.307441	0.314390	0.301188	0.303521	0.308973	0.313662	0.316705	0.249250	0.308913	0.311270	0.249582	0.248256	0.255273	
0.270477	0.304645	0.303738	0.306933	0.305132	0.295463	0.241680	0.312321	0.315731	0.304655	0.317815	0.253570	0.310409	0.000000	0.309951	0.250066	0.306384	0.308433	0.314338	0.247746	0.245251	0.297911	0.304190	0.305873	0.314011	0.307192	0.301656	0.301273	0.303781	0.310623	0.271679	0.251023	0.239116	0.272223	0.310886	0.245296	0.310039	0.251154	0.243040	0.243916	0.251905	0.255077	0.239463	0.249421	0.312376	0.246985	0.250131	0.306922	0.309390	0.315865	
0.292742	0.254023	0.238323	0.251993	0.256454	0.250035	0.308465	0.251893	0.244970	0.245920	0.235855	0.308162	0.256637	0.309951	0.000000	0.316065	0.241277	0.246955	0.251785	0.308875	0.302135	0.257859	0.253546	0.253985	0.265580	0.251365	0.255059	0.253816	0.251476	0.252100	0.296782	0.311966	0.303030	0.280486	0.244526	0.311937	0.255870	0.307692	0.313712	0.313515	0.306891	0.312146	0.309766	0.315464	0.240453	0.304711	0.309933	0.256166	0.255125	0.257595	
0.268256	0.307408	0.301022	0.307839	0.314463	0.300383	0.243687	0.316805	0.304336	0.301027	0.314362	0.241530	0.305393	0.250066	0.316065	0.000000	0.297793	0.305893	0.311406	0.245407	0.252575	0.303148	0.305105	0.309188	0.310396	0.304659	0.303825	0.304729	0.305662	0.309469	0.265681	0.245332	0.247436	0.265513	0.303039	0.244782	0.314250	0.243029	0.240990	0.251554	0.246627	0.252834	0.246338	0.249632	0.305750	0.250709	0.247124	0.301111	0.301488	0.309451	
0.291606	0.250106	0.247992	0.246148	0.246579	0.250615	0.302011	0.247096	0.248628	0.243384	0.245210	0.300511	0.247671	0.306384	0.241277	0.297793	0.000000	0.249317	0.254851	0.300206	0.305092	0.251036	0.256707	0.253634	0.267889	0.250068	0.240931	0.247518	0.247978	0.251980	0.282413	0.301654	0.295855	0.278658	0.242328	0.307562	0.255574	0.295325	0.309726	0.300218	0.310646	0.307852	0.302762	0.310231	0.242345	0.298040	0.299377	0.252935	0.246709	0.261226	
0.291896	0.249935	0.249019	0.248801	0.256115	0.246489	0.309619	0.257725	0.255029	0.248982	0.251659	0.309299	0.250418	0.308433	0.246955	0.305893	0.249317	0.000000	0.251424	0.304508	0.317456	0.245563	0.254797	0.248647	0.261673	0.245128	0.251678	0.249585	0.253743	0.247026	0.293247	0.303069	0.306473	0.289125	0.252563	0.305545	0.254710	0.310057	0.303783	0.305802	0.303517	0.307289	0.301939	0.306998	0.246440	0.308647	0.304861	0.244999	0.255554	0.255120	
0.298962	0.250065	0.250694	0.255902	0.252400	0.246776	0.307704	0.251234	0.257316	0.248029	0.262739	0.316971	0.249646	0.314338	0.251785	0.311406	0.254851	0.251424	0.000000	0.309084	0.308664	0.247511	0.254275	0.252904	0.263533	0.247661	0.248069	0.246332	0.250571	0.253003	0.304331	0.312072	0.307926	0.298616	0.253738	0.317616	0.250650	0.310828	0.312838	0.306382	0.318917	0.314169	0.312379	0.314631	0.244778	0.313690	0.317821	0.259133	0.247050	0.250506	
0.275265	0.309624	0.301203	0.302757	0.306236	0.295211	0.246871	0.309457	0.298804	0.303112	0.311283	0.248846	0.305199	0.247746	0.308875	0.245407	0.300206	0.304508	0.309084	0.000000	0.241459	0.301763	0.299645	0.311885	0.308871	0.304519	0.300077	0.301734	0.307791	0.302494	0.266729	0.244196	0.244061	0.270195	0.304885	0.250461	0.314339	0.246478	0.246961	0.243863	0.241908	0.246178	0.245753	0.232422	0.299407	0.243420	0.243323	0.304115	0.301535	0.306380	
0.263034	0.307814	0.312810	0.308202	0.304056	0.291438	0.248023	0.315615	0.306581	0.305196	0.316830	0.246928	0.311380	0.245251	0.302135	0.252575	0.305092	0.317456	0.308664	0.241459	0.000000	0.300283	0.307591	0.309067	0.317795	0.305435	0.301265	0.306335	0.309701	0.304974	0.265922	0.244228	0.249269	0.272314	0.308566	0.245051	0.312153	0.248996	0.242456	0.244225	0.244688	0.241597	0.242108	0.245492	0.301074	0.246007	0.240944	0.303166	0.300845	0.312157	
0.289256	0.256718	0.250289	0.247961	0.252098	0.243330	0.308993	0.255945	0.255684	0.254396	0.252456	0.310710	0.256620	0.297911	0.257859	0.303148	0.251036	0.245563	0.247511	0.301763	0.300283	0.000000	0.254052	0.250333	0.262814	0.245276	0.248178	0.245524	0.256883	0.256545	0.295137	0.295864	0.303188	0.296530	0.255784	0.306563	0.257980	0.307113	0.308012	0.296708	0.305180	0.305706	0.300629	0.306672	0.256407	0.302257	0.298395	0.252457	0.244974	0.251181	
0.291616	0.253502	0.251938	0.251204	0.256800	0.255347	0.306213	0.256236	0.252854	0.246980	0.256812	0.310060	0.250829	0.304190	0.253546	0.305105	0.256707	0.254797	0.254275	0.299645	0.307591	0.254052	0.000000	0.258916	0.259315	0.252902	0.254481	0.245459	0.253761	0.254341	0.297139	0.294721	0.308500	0.285951	0.243052	0.304477	0.258564	0.309233	0.311347	0.305359	0.313774	0.309985	0.307637	0.312705	0.244074	0.305369	0.302830	0.252677	0.248427	0.261579	
0.294610	0.257458	0.253540	0.245024	0.252970	0.247195	0.309167	0.253205	0.255202	0.246456	0.251463	0.310402	0.252586	0.305873	0.253985	0.309188	0.253634	0.248647	0.252904	0.311885	0.309067	0.250333	0.258916	0.000000	0.264374	0.253001	0.248877	0.252794	0.256651	0.247789	0.301142	0.304600	0.307491	0.298845	0.247994	0.312346	0.247411	0.310998	0.311401	0.303672	0.312690	0.310184	0.303315	0.318660	0.248527	0.309870	0.306221	0.250066	0.246555	0.252572	
0.289979	0.261751	0.255358	0.265557	0.262806	0.257286	0.310525	0.267811	0.275221	0.261004	0.265637	0.310645	0.257863	0.314011	0.265580	0.310396	0.267889	0.261673	0.263533	0.308871	0.317795	0.262814	0.259315	0.264374	0.000000	0.264435	0.263457	0.257282	0.259589	0.266785	0.304650	0.308794	0.316833	0.296749	0.257668	0.317832	0.255849	0.317972	0.316162	0.309516	0.320365	0.319201	0.313921	0.319742	0.261326	0.309859	0.310929	0.256182	0.259097	0.261045	
0.284304	0.247423	0.252776	0.254195	0.242002	0.249526	0.308763	0.251644	0.250910	0.252192	0.249116	0.316439	0.251061	0.307192	0.251365	0.304659	0.250068	0.245128	0.247661	0.304519	0.305435	0.245276	0.252902	0.253001	0.264435	0.000000	0.246738	0.242567	0.252946	0.246873	0.298338	0.307210	0.304182	0.291333	0.252919	0.311158	0.249313	0.308236	0.309068	0.304039	0.307570	0.312428	0.304528	0.312682	0.247565	0.306965	0.303908	0.247882	0.243113	0.255561	
0.290117	0.250653	0.247954	0.251392	0.245003	0.243479	0.304954	0.250792	0.249020	0.250414	0.255937	0.305972	0.251933	0.301656	0.255059	0.303825	0.240931	0.251678	0.248069	0.300077	0.301265	0.248178	0.254481	0.248877	0.263457	0.246738	0.000000	0.243261	0.254665	0.255729	0.293231	0.302857	0.299074	0.288447	0.249893	0.309358	0.254557	0.308822	0.312887	0.294758	0.308571	0.312468	0.302997	0.304198	0.248011	0.305801	0.303851	0.249430	0.239797	0.255185	
0.286076	0.250329	0.246578	0.251051	0.243805	0.240694	0.302885	0.245661	0.246154	0.245961	0.253300	0.308242	0.246984	0.301273	0.253816	0.304729	0.247518	0.249585	0.246332	0.301734	0.306335	0.245524	0.245459	0.252794	0.257282	0.242567	0.243261	0.000000	0.246582	0.242440	0.291872	0.297741	0.304608	0.285798	0.244320	0.307784	0.246341	0.301206	0.312297	0.306059	0.308135	0.308059	0.299721	0.302646	0.246223	0.301960	0.303994	0.250096	0.242541	0.250574	
0.284925	0.255567	0.250654	0.250855	0.247402	0.251046	0.303359	0.256983	0.261918	0.253216	0.250037	0.304674	0.249065	0.303781	0.251476	0.305662	0.247978	0.253743	0.250571	0.307791	0.309701	0.256883	0.253761	0.256651	0.259589	0.252946	0.254665	0.246582	0.000000	0.253646	0.288362	0.297081	0.301907	0.289408	0.252465	0.309752	0.261303	0.306830	0.303714	0.301399	0.306424	0.305435	0.305386	0.313373	0.250225	0.301640	0.306151	0.253203	0.257674	0.261850	
0.294915	0.252317	0.252330	0.254447	0.246575	0.252529	0.307704	0.254049	0.251619	0.250191	0.262042	0.318247	0.248521	0.310623	0.252100	0.309469	0.251980	0.247026	0.253003	0.302494	0.304974	0.256545	0.254341	0.247789	0.266785	0.246873	0.255729	0.242440	0.253646	0.000000	0.298746	0.307418	0.309753	0.297683	0.251211	0.316106	0.248355	0.313416	0.308266	0.312291	0.312069	0.311750	0.315797	0.311447	0.244040	0.309116	0.314535	0.251930	0.254216	0.250632	
0.255579	0.297681	0.293254	0.295652	0.295154	0.287147	0.271534	0.299101	0.291077	0.289069	0.301881	0.275664	0.296774	0.271679	0.296782	0.265681	0.282413	0.293247	0.304331	0.266729	0.265922	0.295137	0.297139	0.301142	0.304650	0.298338	0.293231	0.291872	0.288362	0.298746	0.000000	0.269162	0.267931	0.241613	0.285990	0.269928	0.306818	0.263419	0.264950	0.257406	0.267680	0.271891	0.267659	0.270379	0.285867	0.265814	0.270883	0.293668	0.298160	0.304870	
0.271396	0.307613	0.294399	0.301608	0.300159	0.293229	0.247267	0.318772	0.300488	0.298392	0.311948	0.251881	0.302683	0.251023	0.311966	0.245332	0.301654	0.303069	0.312072	0.244196	0.244228	0.295864	0.294721	0.304600	0.308794	0.307210	0.302857	0.297741	0.297081	0.307418	0.269162	0.000000	0.248889	0.265753	0.294345	0.242121	0.307837	0.243095	0.246305	0.253940	0.254215	0.248094	0.243331	0.240572	0.295113	0.250000	0.253024	0.308702	0.296264	0.308712	
0.269264	0.307703	0.299643	0.309182	0.306161	0.296805	0.245609	0.316806	0.297430	0.306282	0.309484	0.250274	0.300471	0.239116	0.303030	0.247436	0.295855	0.306473	0.307926	0.244061	0.249269	0.303188	0.308500	0.307491	0.316833	0.304182	0.299074	0.304608	0.301907	0.309753	0.267931	0.248889	0.000000	0.265748	0.301216	0.244511	0.320070	0.240096	0.243029	0.244618	0.245030	0.246769	0.248704	0.245053	0.300788	0.242049	0.248229	0.305845	0.301524	0.311064	
0.249855	0.298807	0.281459	0.290819	0.290227	0.278045	0.274268	0.293543	0.283433	0.288265	0.281111	0.266968	0.281120	0.272223	0.280486	0.265513	0.278658	0.289125	0.298616	0.270195	0.272314	0.296530	0.285951	0.298845	0.296749	0.291333	0.288447	0.285798	0.289408	0.297683	0.241613	0.265753	0.265748	0.000000	0.282602	0.272946	0.294956	0.268657	0.278305	0.265502	0.272492	0.267303	0.270413	0.279738	0.284032	0.265099	0.272741	0.286568	0.289412	0.294829	
0.296668	0.247389	0.239487	0.252841	0.248738	0.245549	0.309663	0.249430	0.240048	0.248283	0.242230	0.308307	0.246774	0.310886	0.244526	0.303039	0.242328	0.252563	0.253738	0.304885	0.308566	0.255784	0.243052	0.247994	0.257668	0.252919	0.249893	0.244320	0.252465	0.251211	0.285990	0.294345	0.301216	0.282602	0.000000	0.310549	0.249045	0.306255	0.313532	0.309347	0.311810	0.308157	0.310982	0.309592	0.241875	0.310474	0.308469	0.253062	0.247679	0.249964	
0.280559	0.311959	0.311523	0.307401	0.311697	0.302594	0.256964	0.318653	0.301845	0.310032	0.314246	0.258696	0.314373	0.245296	0.311937	0.244782	0.307562	0.305545	0.317616	0.250461	0.245051	0.306563	0.304477	0.312346	0.317832	0.311158	0.309358	0.307784	0.309752	0.316106	0.269928	0.242121	0.244511	0.272946	0.310549	0.000000	0.322336	0.242231	0.248968	0.244728	0.244551	0.254493	0.248000	0.247946	0.312077	0.249339	0.247020	0.304257	0.304731	0.316651	
0.278161	0.251206	0.249571	0.256179	0.249116	0.253403	0.301278	0.251568	0.259393	0.258536	0.253345	0.310569	0.253220	0.310039	0.255870	0.314250	0.255574	0.254710	0.250650	0.314339	0.312153	0.257980	0.258564	0.247411	0.255849	0.249313	0.254557	0.246341	0.261303	0.248355	0.306818	0.307837	0.320070	0.294956	0.249045	0.322336	0.000000	0.316027	0.319844	0.310982	0.321966	0.319208	0.316502	0.319904	0.253690	0.316896	0.319907	0.253137	0.257866	0.249924	
0.271770	0.310775	0.305892	0.311410	0.305451	0.303867	0.247556	0.318123	0.308566	0.298579	0.307658	0.246203	0.307441	0.251154	0.307692	0.243029	0.295325	0.310057	0.310828	0.246478	0.248996	0.307113	0.309233	0.310998	0.317972	0.308236	0.308822	0.301206	0.306830	0.313416	0.263419	0.243095	0.240096	0.268657	0.306255	0.242231	0.316027	0.000000	0.245726	0.239646	0.245159	0.246824	0.245291	0.245359	0.307963	0.252238	0.241200	0.302403	0.302272	0.313841	
0.273175	0.313603	0.301761	0.311513	0.314412	0.306674	0.247409	0.314455	0.311883	0.310327	0.323375	0.244501	0.314390	0.243040	0.313712	0.240990	0.309726	0.303783	0.312838	0.246961	0.242456	0.308012	0.311347	0.311401	0.316162	0.309068	0.312887	0.312297	0.303714	0.308266	0.264950	0.246305	0.243029	0.278305	0.313532	0.248968	0.319844	0.245726	0.000000	0.243667	0.248585	0.248184	0.243680	0.243094	0.309931	0.241697	0.247140	0.305841	0.309846	0.311648	
0.269183	0.303500	0.307374	0.298020	0.298115	0.294339	0.256778	0.305142	0.306213	0.302630	0.312862	0.243052	0.301188	0.243916	0.313515	0.251554	0.300218	0.305802	0.306382	0.243863	0.244225	0.296708	0.305359	0.303672	0.309516	0.304039	0.294758	0.306059	0.301399	0.312291	0.257406	0.253940	0.244618	0.265502	0.309347	0.244728	0.310982	0.239646	0.243667	0.000000	0.245262	0.240676	0.240822	0.243475	0.301387	0.247935	0.249017	0.301824	0.303932	0.308755	
0.268510	0.309948	0.309618	0.306238	0.311394	0.299616	0.252284	0.319973	0.313083	0.309025	0.316017	0.249897	0.303521	0.251905	0.306891	0.246627	0.310646	0.303517	0.318917	0.241908	0.244688	0.305180	0.313774	0.312690	0.320365	0.307570	0.308571	0.308135	0.306424	0.312069	0.267680	0.254215	0.245030	0.272492	0.311810	0.244551	0.321966	0.245159	0.248585	0.245262	0.000000	0.244827	0.257892	0.245042	0.312996	0.250870	0.249162	0.307151	0.308634	0.320117	
0.269289	0.314991	0.303566	0.309184	0.308985	0.299604	0.248245	0.317182	0.310966	0.306704	0.321258	0.249305	0.308973	0.255077	0.312146	0.252834	0.307852	0.307289	0.314169	0.246178	0.241597	0.305706	0.309985	0.310184	0.319201	0.312428	0.312468	0.308059	0.305435	0.311750	0.271891	0.248094	0.246769	0.267303	0.308157	0.254493	0.319208	0.246824	0.248184	0.240676	0.244827	0.000000	0.244059	0.247188	0.311051	0.244493	0.249419	0.307319	0.299064	0.314001	
0.270694	0.308645	0.303171	0.307002	0.311914	0.301398	0.246479	0.312075	0.320421	0.303494	0.313067	0.247315	0.313662	0.239463	0.309766	0.246338	0.302762	0.301939	0.312379	0.245753	0.242108	0.300629	0.307637	0.303315	0.313921	0.304528	0.302997	0.299721	0.305386	0.315797	0.267659	0.243331	0.248704	0.270413	0.310982	0.248000	0.316502	0.245291	0.243680	0.240822	0.257892	0.244059	0.000000	0.242989	0.311376	0.248918	0.244547	0.304794	0.302474	0.313712	
0.271609	0.313425	0.311498	0.319290	0.313860	0.301234	0.247479	0.322709	0.314762	0.309333	0.319103	0.244545	0.316705	0.249421	0.315464	0.249632	0.310231	0.306998	0.314631	0.232422	0.245492	0.306672	0.312705	0.318660	0.319742	0.312682	0.304198	0.302646	0.313373	0.311447	0.270379	0.240572	0.245053	0.279738	0.309592	0.247946	0.319904	0.245359	0.243094	0.243475	0.245042	0.247188	0.242989	0.000000	0.313358	0.242599	0.242091	0.312732	0.311726	0.313793	
0.294338	0.250794	0.239954	0.246069	0.246982	0.246057	0.301909	0.246665	0.238692	0.248068	0.247777	0.314480	0.249250	0.312376	0.240453	0.305750	0.242345	0.246440	0.244778	0.299407	0.301074	0.256407	0.244074	0.248527	0.261326	0.247565	0.248011	0.246223	0.250225	0.244040	0.285867	0.295113	0.300788	0.284032	0.241875	0.312077	0.253690	0.307963	0.309931	0.301387	0.312996	0.311051	0.311376	0.313358	0.000000	0.304522	0.311331	0.249391	0.247427	0.249167	
0.264527	0.309731	0.304485	0.303827	0.309354	0.300307	0.244660	0.315170	0.299672	0.303030	0.310088	0.251655	0.308913	0.246985	0.304711	0.250709	0.298040	0.308647	0.313690	0.243420	0.246007	0.302257	0.305369	0.309870	0.309859	0.306965	0.305801	0.301960	0.301640	0.309116	0.265814	0.250000	0.242049	0.265099	0.310474	0.249339	0.316896	0.252238	0.241697	0.247935	0.250870	0.244493	0.248918	0.242599	0.304522	0.000000	0.244243	0.304437	0.303885	0.317201	
0.278303	0.305596	0.312138	0.306699	0.305250	0.299693	0.244760	0.316998	0.307713	0.304740	0.310819	0.250066	0.311270	0.250131	0.309933	0.247124	0.299377	0.304861	0.317821	0.243323	0.240944	0.298395	0.302830	0.306221	0.310929	0.303908	0.303851	0.303994	0.306151	0.314535	0.270883	0.253024	0.248229	0.272741	0.308469	0.247020	0.319907	0.241200	0.247140	0.249017	0.249162	0.249419	0.244547	0.242091	0.311331	0.244243	0.000000	0.308294	0.299241	0.317658	
0.288610	0.253069	0.244528	0.251230	0.251857	0.244470	0.305732	0.249652	0.262796	0.256296	0.265369	0.312073	0.249582	0.306922	0.256166	0.301111	0.252935	0.244999	0.259133	0.304115	0.303166	0.252457	0.252677	0.250066	0.256182	0.247882	0.249430	0.250096	0.253203	0.251930	0.293668	0.308702	0.305845	0.286568	0.253062	0.304257	0.253137	0.302403	0.305841	0.301824	0.307151	0.307319	0.304794	0.312732	0.249391	0.304437	0.308294	0.000000	0.248540	0.255534	
0.290323	0.244756	0.245125	0.248701	0.247270	0.240452	0.306948	0.255814	0.243906	0.247353	0.247377	0.307996	0.248256	0.309390	0.255125	0.301488	0.246709	0.255554	0.247050	0.301535	0.300845	0.244974	0.248427	0.246555	0.259097	0.243113	0.239797	0.242541	0.257674	0.254216	0.298160	0.296264	0.301524	0.289412	0.247679	0.304731	0.257866	0.302272	0.309846	0.303932	0.308634	0.299064	0.302474	0.311726	0.247427	0.303885	0.299241	0.248540	0.000000	0.251618	
0.300284	0.255677	0.261920	0.263503	0.254704	0.257396	0.321688	0.257562	0.257390	0.256156	0.257908	0.308096	0.255273	0.315865	0.257595	0.309451	0.261226	0.255120	0.250506	0.306380	0.312157	0.251181	0.261579	0.252572	0.261045	0.255561	0.255185	0.250574	0.261850	0.250632	0.304870	0.308712	0.311064	0.294829	0.249964	0.316651	0.249924	0.313841	0.311648	0.308755	0.320117	0.314001	0.313712	0.313793	0.249167	0.317201	0.317658	0.255534	0.251618	0.000000	
